20  100

1	1	1	1	1	1	1	1	1	1	1	1	1	1	1	1	1	1	1	1	1	1	1	1	1	1	1	1	1	1	1	1	1	1	1	1	1	1	1	1	1	1	1	1	1	1	1	1	1	1	1	1	1	1	1	1	1	1	1	1	1	1	1	1	1	1	1	1	1	1	1	1	1	1	1	1	1	1	1	1	1	1	1	1	1	1	1	1	1	1	1	1	1	1	1	1	1	1	1	1	

20

9	10	19	22	27	29	34	40	41	60	62	63	64	72	75	77	82	83	90	97	

31

3	7	17	18	19	21	23	24	25	33	34	45	48	49	61	65	68	69	70	71	74	75	77	85	87	89	91	93	95	97	99	

22

2	11	23	25	30	32	38	39	49	53	56	57	61	66	76	79	80	82	87	91	97	98	

23

1	9	11	15	20	25	43	45	48	51	52	53	54	58	63	65	67	70	73	75	84	88	98	

19

7	11	16	31	34	35	46	54	55	62	69	70	79	81	87	89	94	98	100	

18

3	6	15	16	17	20	30	31	38	46	48	53	63	67	73	79	87	89	

22

2	6	7	9	15	25	29	38	49	51	52	62	64	68	74	78	79	81	84	86	90	100	

17

8	12	20	22	26	35	38	41	45	50	51	54	65	70	76	81	89	

19

1	17	23	27	30	32	35	38	39	43	47	49	56	58	74	77	83	95	96	

25

1	6	9	16	17	22	27	32	38	39	40	46	47	57	64	66	71	72	75	82	84	86	95	97	100	

31

1	3	5	7	9	10	12	21	27	30	32	34	37	40	43	44	45	51	52	63	66	69	76	79	84	87	90	91	95	97	98	

27

1	2	5	6	14	16	27	31	34	39	41	42	45	50	62	63	64	70	71	72	75	80	82	84	89	98	100	

22

1	7	10	17	29	40	45	46	51	53	58	68	73	74	75	77	80	81	82	89	94	98	

17

6	8	10	21	23	24	28	33	36	37	38	47	65	67	68	75	100	

25

5	11	12	16	17	27	29	34	38	43	45	47	50	51	55	61	65	73	74	81	83	84	88	92	93	

28

4	8	11	12	21	30	31	32	34	43	46	49	50	52	53	59	61	63	65	76	77	78	79	80	93	96	99	100	

28

1	6	11	12	22	25	27	30	34	36	38	41	42	43	56	57	60	61	67	75	77	78	87	88	90	92	95	97	

24

15	17	18	19	22	24	25	29	36	42	49	51	56	57	72	74	76	84	85	88	89	90	91	98	

26

6	11	12	13	14	18	19	20	23	25	29	33	39	42	43	49	54	59	63	71	78	79	89	91	96	97	

22

1	2	11	17	19	23	35	48	49	55	57	58	64	67	68	75	77	84	88	89	92	95	