50  10

1	1	1	1	1	1	1	1	1	1	

5

1	2	4	5	10	

5

1	2	3	6	8	

3

1	6	9	

5

1	3	6	7	9	

5

3	4	5	6	9	

2

7	9	

5

1	2	4	7	8	

4

2	5	6	10	
1

4	

2

2	6	

1

4	

2

6	8	

3

3	6	8	

2

2	6	

5

1	6	8	9	10	

2

7	8	

5

1	2	6	7	10	

2

7	8	

1

7	

3

5	6	8	

3

2	7	9	

3

7	8	9	

3

6	7	9	

4

2	5	7	9	

4
1	2	6	10	

5

1	2	6	9	10	

6

1	3	4	5	6	8	

4

1	3	7	10	

3

6	7	8	

3

1	2	8	

5

1	2	5	6	9	

4

7	8	9	10	

4

2	6	8	10	

3

6	7	9	

6

1	3	4	5	6	7	

2

1	10	

1

8	

3

4	5	8	

4

3	4	5	10	

2

2	7	

2

6	10	

2

2	7	

5

2	3	5	6	10	

3

2	5	7	

1

7	

1

7	

6

2	3	4	5	6	9	

4

2	6	8	10	

1

2	

4

3	5	8	9	